Rk,Team,G,MP,FG,FGA,FG%,3P,3PA,3P%,2P,2PA,2P%,FT,FTA,FT%,ORB,DRB,TRB,AST,STL,BLK,TOV,PF,PTS
1,Memphis Grizzlies,56,240.4,36.1,79.6,.454,10.2,27.8,.368,25.9,51.8,.500,20.4,26.6,.768,9.6,32.2,41.9,21.1,7.5,5.2,14.6,20.6,102.9
2,Philadelphia 76ers,55,241.8,37.8,87.0,.435,9.8,29.5,.331,28.1,57.5,.488,20.1,26.3,.762,10.1,31.8,41.9,20.8,8.9,5.3,14.3,20.7,105.5
3,San Antonio Spurs,59,240.0,37.6,83.7,.450,9.3,26.5,.349,28.4,57.2,.497,13.9,18.6,.752,9.0,33.0,42.0,21.1,7.9,3.7,13.9,19.4,98.5
4,Boston Celtics,59,241.3,36.8,84.7,.434,9.1,26.6,.342,27.7,58.1,.476,17.0,22.1,.769,9.8,34.4,44.2,20.6,6.9,4.4,14.2,18.8,99.6
5,Miami Heat,58,240.9,37.2,82.4,.452,9.2,25.9,.355,28.1,56.6,.496,17.7,22.6,.786,8.6,33.4,42.0,20.2,7.5,4.7,13.4,19.2,101.4
6,Toronto Raptors,57,240.9,38.1,85.2,.447,8.7,25.1,.348,29.3,60.0,.489,18.5,24.0,.770,10.0,32.6,42.7,22.0,7.0,5.0,15.1,19.9,103.4
7,Utah Jazz,58,240.9,37.7,82.1,.460,9.9,26.8,.371,27.8,55.3,.502,16.3,21.2,.770,8.7,33.5,42.2,20.5,8.2,4.6,15.1,20.0,101.7
8,Detroit Pistons,57,240.4,38.8,84.2,.461,10.9,29.5,.369,27.9,54.7,.511,14.9,18.9,.791,9.0,34.2,43.2,24.6,7.1,5.1,15.0,18.2,103.5
9,Milwaukee Bucks,57,240.9,38.1,82.1,.464,9.8,26.7,.367,28.3,55.4,.511,18.6,23.9,.779,9.4,32.7,42.1,23.1,7.0,4.1,15.5,19.8,104.6
10,Los Angeles Clippers,56,240.4,39.2,86.7,.452,10.5,29.9,.352,28.6,56.8,.504,18.2,23.2,.783,10.7,33.6,44.3,23.8,8.3,5.2,14.7,22.2,107.1
11,Houston Rockets,57,240.9,39.8,85.2,.467,10.6,29.1,.363,29.2,56.1,.521,15.3,20.2,.756,8.0,33.4,41.4,23.1,7.4,4.7,14.6,20.6,105.4
12,Washington Wizards,57,241.8,38.7,84.8,.457,10.0,29.4,.341,28.7,55.4,.518,18.1,23.6,.764,10.2,33.0,43.3,21.7,7.5,4.6,15.3,20.6,105.5
13,Portland Trail Blazers,58,241.3,38.7,86.4,.448,9.8,26.7,.369,28.8,59.7,.483,16.8,22.1,.762,9.7,33.2,42.9,20.3,7.5,5.0,12.6,19.1,103.9
14,Dallas Mavericks,58,240.9,38.6,82.3,.469,10.8,29.4,.368,27.8,52.9,.525,16.4,21.6,.759,8.6,36.3,44.9,22.9,7.4,4.5,14.1,20.3,104.4
15,Charlotte Hornets,57,241.3,40.2,86.5,.464,11.1,30.0,.372,29.0,56.6,.513,15.2,18.8,.805,8.0,35.3,43.3,24.0,6.6,5.1,13.9,22.3,106.6
16,Sacramento Kings,57,240.4,39.1,82.3,.476,12.2,31.9,.382,26.9,50.4,.535,16.3,21.3,.765,9.3,34.3,43.6,24.2,8.1,4.5,14.8,17.7,106.7
17,Oklahoma City Thunder,59,241.7,37.9,82.9,.458,11.0,30.5,.361,26.9,52.4,.514,16.3,21.5,.760,9.3,32.1,41.4,22.9,7.6,4.5,16.1,21.0,103.2
18,Indiana Pacers,58,240.9,40.0,85.8,.467,10.8,30.8,.350,29.3,55.0,.532,14.6,19.7,.742,10.3,32.5,42.9,23.2,6.9,4.9,15.0,18.5,105.5
19,Cleveland Cavaliers,56,240.9,41.9,88.3,.475,11.8,32.3,.367,30.1,56.0,.537,14.3,19.4,.739,10.3,34.1,44.4,25.9,7.6,4.2,13.6,20.9,110.0
20,Denver Nuggets,58,241.3,40.9,85.4,.479,10.6,28.6,.371,30.3,56.8,.533,14.4,19.4,.742,9.2,31.8,40.9,24.4,8.1,5.0,14.3,20.1,106.8
21,Chicago Bulls,57,243.1,40.8,87.3,.468,11.5,31.2,.367,29.4,56.1,.524,16.1,20.4,.787,8.3,37.6,45.8,25.3,7.0,4.8,13.0,17.7,109.2
22,Golden State Warriors,58,240.9,40.1,90.8,.442,10.3,28.9,.356,29.8,61.8,.481,17.3,22.7,.759,11.1,30.9,42.1,22.9,9.0,3.6,14.3,18.6,107.7
23,Orlando Magic,57,240.4,41.6,88.1,.473,9.8,26.8,.365,31.8,61.3,.520,16.8,21.5,.779,10.7,34.7,45.4,24.3,7.9,4.9,14.2,19.4,109.8
24,New York Knicks,59,242.1,38.9,85.8,.453,11.1,30.7,.363,27.7,55.2,.503,17.2,22.5,.765,9.9,32.2,42.2,23.4,8.3,4.8,13.7,19.5,106.1
25,Los Angeles Lakers,57,243.1,41.2,89.9,.458,10.4,30.0,.348,30.8,59.9,.513,17.4,22.6,.770,10.4,34.9,45.3,23.2,8.0,5.7,14.9,20.4,110.2
26,New Orleans Pelicans,57,243.9,41.6,90.7,.459,11.4,31.4,.364,30.2,59.3,.509,16.4,20.7,.793,10.5,34.4,44.8,24.3,8.3,4.1,14.7,21.1,111.2
27,Atlanta Hawks,59,240.4,40.2,85.3,.471,11.3,30.1,.376,28.9,55.1,.524,16.1,21.1,.764,10.5,32.9,43.4,25.7,8.4,5.3,15.8,20.8,107.8
28,Brooklyn Nets,59,242.1,41.2,88.9,.463,9.1,24.9,.364,32.1,64.0,.502,18.2,23.8,.767,10.1,36.1,46.3,21.1,7.7,5.8,12.4,19.9,109.6
29,Minnesota Timberwolves,61,241.6,40.3,84.3,.478,11.0,30.0,.368,29.2,54.3,.538,15.2,19.5,.779,9.8,31.5,41.4,24.0,6.3,4.5,15.6,21.0,106.8
30,Phoenix Suns,59,240.4,41.6,88.0,.473,10.4,28.3,.368,31.2,59.7,.523,19.1,24.8,.769,10.3,35.0,45.4,22.7,8.7,5.5,13.4,21.6,112.8
,League Average,58,241.2,39.4,85.5,.460,10.4,28.8,.361,28.9,56.7,.510,16.8,21.8,.769,9.6,33.6,43.2,22.9,7.7,4.8,14.4,20.0,105.9